Subjects no.
     97
    132
    145
    134
    116
    116
    108
    131
    112
    132
    108
    132
    128
    124
    135
    130
    124
    135
    109
    111
    135
    116
    104
    100
     99
     89
     96
    101
     85
     96
    124
     89
     58
    111
     88
     92
     95
     86
    116
    105
     80
Mean stature (cm) Standard deviation
 97.7 3.77
99.9 3.79 103.1 3.99 106.5 4.41 109.9 4.59 113.1 4.48 117.0 5.27 121.2 5.08 122.3 5.64 125.7 5.90 128.8 5.51 132.5 6.03 134.1 5.35 136.7 5.86 140.0 6.04 141.7 6.82 144.4 6.80 146.9 7.64 151.4 7.74 154.9 7.95 156.5 8.43 159.9 8.66 163.2 8.67 167.0 6.46 170.8 7.10 171.7 6.77 172.1 6.30 173.1 6.40 175.0 6.37 174.5 6.67 174.9 6.37 173.9 6.29 175.8 6.89 175.9 6.85 175.4 6.98 176.3 6.75 176.2 7.35 176.7 6.59 176.5 6.54 176.0 6.91 176.8 6.91