age (years) number 3 90 3.5 134 4 126 4.5 112 5 114 5.5 125 6 104 6.5 122 7 116 7.5 144 8 132 8.5 110 9 126 9.5 111 10 121 10.5 131 11 141 11.5 133 12 122 12.5 138 13 117 13.5 123 14 97
14.5 95 15 112
15.5 90 16 110 16.5 119
17 81 17.5 83
18 113 18.5 70 19 72
19.5 104 20 107
20.5 97 21 107
21.5 96 22 110 22.5 110
23 74

Mean weight (kg)
14.9 15.7 17.0 18.1 19.1 20.5 22.7 24.3 25.5 27.3 28.2 32.0 33.3 35.7 37.0 39.8 43.9 45.6 48.1 51.2 53.2 54.1 55.0 56.4 57.2 58.1 56.8 57.8 56.5 58.8 57.6 57.3 57.4 59.9 57.0 58.5 57.2 58.6 57.0 59.7 57.9
Standard deviation
Subjects no.
     97
    132
    145
    134
    116
    116
    108
    131
    112
    132
    108
    132
    129
    124
    135
    130
    124
    135
    109
    111
    135
    116
    104
    100
     99
     89
     96
    101
     85
     96
    124
     90
     58
    111
     88
     92
     95
     86
    116
    105
     80
Standard deviation
3.78 2.36 2.59 3.11 3.26 4.03 4.04 4.88 6.28 6.53 5.48 9.16 8.54 8.54 9.60 11.79 12.44 11.63 11.78 14.31 12.13 12.50 13.64 12.82 13.61 13.16 13.86 13.37 12.95 12.71 14.20 14.51 14.25 11.10 10.46 11.76 10.61 10.93 10.24 11.50 12.62
 1.70 2.65 2.85 2.61 3.38 4.23 4.41 5.17 5.67 6.19 6.86 7.74 8.17 8.85 9.92 9.87 11.11 12.28 11.23 14.07 11.98 12.10 12.14 11.27 13.24 9.87 9.89 10.44 9.45 9.48 8.94 9.74 7.99 10.41 8.84 9.08 7.93 7.78 7.48 11.76 8.89



15.7 16.1 17.3 18.3 19.6 21.2 22.8 25.1 25.7 27.6 28.8 33.0 33.8 35.6 37.9 39.8 43.4 43.3 47.4 51.3 51.1 54.2 58.0 60.1 67.1 66.2 67.5 67.8 70.1 70.5 70.5 70.9 74.3 73.2 73.1 74.9 71.9 74.6 73.1 74.7 76.3
