Age (years)
3 3.5 4 4.5 5 5.5 6 6.5 7 7.5 8 8.5 9 9.5 10 10.5 11 11.5 12 12.5 13 13.5 14 14.5 15 15.5 16 16.5 17 17.5 18 18.5 19 19.5 20 20.5 21 21.5 22 22.5 23
Subjects no.
     90
    134
    126
    112
    114
    125
    104
    122
    116
    144
    132
    110
    126
    111
    121
    131
    141
    133
    122
    138
    117
    123
     97
     95
    112
     90
    110
    119
     81
     83
    113
     70
     72
    104
    107
     97
    107
     96
    110
    110
     74
Mean stature (cm) Standard deviation
96.5 4.07
98.3 3.98 102.0 4.18 106.2 3.83 109.3 4.93 112.4 4.93 116.3 5.45 119.0 6.57 121.4 4.52 125.2 5.09 126.5 6.18 131.3 5.77 132.8 6.57 135.6 6.53 139.3 6.62 142.5 7.25 146.2 7.21 148.9 7.07 151.5 6.56 154.8 6.84 156.3 5.87 158.0 6.25 158.5 5.84 158.6 5.68 161.1 6.06 160.7 5.78 161.3 5.62 161.1 6.51 160.7 5.37 163.0 5.72 162.6 5.51 163.7 6.45 161.7 6.19 162.6 5.56 162.2 5.13 162.7 7.03 163.1 5.79 164.2 6.16 162.9 5.87 163.7 5.79 163.4 6.55